GATE_DS_SB: 10,37,48,35
GATE_SU_DS: 17,673,48,35
GATE_DS_GW: 884,1051,48,35
DS_S03: 34,10,48,35
DS_B02: 65,642,100,35
DS_A22: 167,641,48,35
DS_A06: 217,641,54,35
DS_A02: 273,641,54,35
DS_A01: 201,603,54,35
DS_A20: 298,610,48,35
DS_S01r: 266,610,48,35
DS_B03: 328,598,54,78
DS_A15: 182,1137,48,35
DS_A23: 228,1137,48,35
DS_A09: 275,1136,54,38
DS_A19: 298,1173,54,35
DS_B04: 337,1138,110,35
DS_A08: 440,1136,54,37
DS_S04: 476,1104,48,35
DS_B07: 488,1137,110,38
DS_A16: 377,608,48,35
DS_A07: 426,607,54,38
DS_A17: 518,608,48,35
DS_A24: 547,643,48,35
DS_A11: 592,645,54,35
DS_C04: 595,1055,48,120
DS_A14: 362,1022,54,35
DS_B01: 414,1023,100,35
DS_A25: 511,1021,54,37
DS_B08: 549,1020,48,78
DS_C01: 635,1014,54,121
DS_S02l: 670,1046,48,35
DS_A21: 686,629,54,35
DS_C03: 684,1015,152,35
DS_B10: 780,1046,104,35
DS_D01: 424,533,202,35
DS_D03: 170,532,202,35
DS_A27: 163,103,48,37
DS_A26: 165,145,48,35
DS_B06: 213,102,48,78
DS_A13: 261,106,48,35
DS_A10: 311,106,48,35
GATE_DS_CC: 584,417,48,35
DS_GUTTER01: 584,99,101,42
DS_GUTTER02: 645,147,48,112
DS_GUTTER03: 585,288,151,112
DS_GUTTER04: 570,729,101,35
DS_GUTTER05: 696,681,48,78
DS_RIVSTART: 408,696,151,57
DS_D02GRAVEL: 64,31,48,35
DS_DARK01: 128,13,151,35
DS_DARK02: 307,21,48,35
DS_DARK03: 363,28,48,35
DS_A05GRAVEL: 370,539,54,35
DS_C02GRAVEL: 110,99,54,121
