GATE_HI_SH: 10,1223,48,35
GATE_GW_SH: 238,985,48,35
GATE_SL_CL: 1441,10,48,35
CL_C11: 61,1132,48,120
CL_S03: 33,1187,48,35
CL_D01: 109,1141,201,35
CL_A25: 299,1126,48,35
CL_A13: 342,1160,48,35
CL_A14: 399,1161,48,35
CL_C02: 451,1160,164,35
CL_A11: 348,1124,51,35
CL_A15: 387,1090,48,35
CL_A12: 399,1128,48,35
CL_B16: 438,1872,104,35
CL_B15: 546,1867,48,78
CL_C03: 599,1914,162,35
CL_S12: 762,1914,48,35
CL_C07: 369,1823,54,121
CL_S01: 335,1856,48,35
CL_B17: 436,1832,104,35
CL_C09: 584,1833,152,35
CL_B06: 672,898,48,78
CL_A17: 716,1802,48,35
CL_A16: 763,1833,48,35
CL_B11: 740,15,48,75
CL_A24: 774,72,149,35
CL_LEDGE: 684,69,106,78
CL_OVERHEAD: 464,106,202,40
CL_HALL: 289,973,196,35
CL_KELP: 690,16,48,35
CL_S11: 354,929,48,35
CL_CURVE: 391,72,98,35
CL_scavshop: 390,177,70,39
CL_A30: 613,1193,48,35
CL_S10: 657,1191,48,35
CL_E01: 541,1206,66,192
CL_B20: 596,2211,101,35
CL_V03: 714,2208,48,135
CL_S20: 669,1459,48,35
CL_V02: 759,2179,48,35
CL_X04: 740,2356,48,35
CL_A10: 763,1543,48,35
CL_B21: 660,1560,101,35
CL_A31: 634,1529,48,35
CL_A34: 599,1555,54,39
CL_D10: 550,1441,101,116
CL_B22: 649,2270,48,72
CL_C20: 804,1343,152,41
CL_D11: 912,1176,48,147
CL_D13: 859,1089,101,72
CL_C21: 813,1536,148,35
CL_B23: 917,1451,48,72
CL_D12: 770,2226,101,111
CL_B24: 799,2148,48,78
CL_A32: 800,2072,48,35
CL_A33: 764,1994,101,72
CL_B25: 718,1965,48,72
CL_LSCOREACCESS: 920,996,162,72
CL_CORE: 924,1876,48,35
CL_V01: 885,941,141,35
CL_S15: 858,978,35,20
CL_LSSECRET: 1093,1006,96,72
CL_B29: 1131,1826,101,35
CL_LCLPIPE: 1212,1926,48,78
CL_A08: 1263,1956,48,35
CL_S21: 1247,1993,48,35
CL_C08: 1328,1967,149,35
CL_LSENTRANCE: 1193,1006,96,35
CL_LCSWAP: 1270,1796,48,67
CL_A07: 1324,1809,48,35
CL_LCS2: 1226,1830,48,35
CL_D15: 1285,1025,218,35
CL_D03: 1085,1928,113,76
CL_D04: 1031,1068,48,152
CL_S05: 1084,1151,48,35
CL_C01: 1062,1252,48,112
CL_B01: 1086,1380,59,72
CL_H01: 1045,814,408,38
CL_C22: 1455,816,152,35
CL_H02: 1608,695,147,147
CL_S08: 1620,1560,48,35
CL_D08: 1680,1528,204,35
CL_AI: 1787,631,151,37
CL_B04: 1832,1420,59,72
CL_A05: 1784,2270,48,35
CL_C05: 1792,1302,70,110
CL_D06: 1800,1124,48,147
CL_A06: 1751,1972,48,35
CL_LCFILTERS: 1502,1981,246,38
CL_A35: 989,781,48,35
CL_DEADGATE: 1037,727,48,90
CL_B31: 1086,679,48,72
CL_B32: 1125,1475,48,72
CL_A36: 988,815,59,37
CL_A39: 965,565,48,35
CL_A44: 927,603,48,35
CL_B28: 1000,605,48,72
CL_S14: 1005,565,48,35
CL_E02: 900,387,59,187
CL_A40: 885,335,59,35
CL_B26: 889,261,48,72
CL_D14: 845,189,48,147
CL_A41: 889,224,48,35
CL_B27: 782,128,101,42
CL_A42: 914,98,48,35
CL_A43: 950,233,48,35
CL_C12: 1030,58,48,112
CL_C13: 967,103,48,112
CL_C14: 1089,92,151,35
CL_B30: 1246,116,101,35
CL_A45: 1258,177,48,35
CL_A37: 1471,39,48,35
CL_A38: 1517,39,48,35
CL_S13: 1565,55,48,35
CL_B02: 1514,1800,48,78
CL_B03: 1463,1845,48,72
CL_LC01: 1394,1801,48,78
CL_LC02: 1410,1886,48,35
CL_B05: 1516,1880,104,35
CL_D16: 1503,1041,220,35
CL_E03: 1723,1057,270,35
CL_C04: 2026,1050,148,42
CL_E04: 2180,1072,48,190
CL_A04: 2232,1149,48,35
CL_S02: 2231,1117,48,35
CL_D02: 2126,1242,48,154
CL_D05: 2175,1385,111,78
CL_GRAVEL: 2055,2328,148,44
CL_GRAV07: 2062,2383,56,112
