GATE_DS_SB: 1095,3146,48,35
GATE_SB_SL: 2313,1987,48,35
GATE_LF_SB: 577,2252,48,35
SB_F03: 485,2042,48,232
SB_A10: 542,2161,54,35
SB_A09: 399,2079,48,35
SB_H03: 398,1976,204,78
SB_S06: 307,3161,48,25
SB_H02: 606,1938,204,78
SB_A04: 549,1931,54,35
SB_A13: 500,1931,48,35
SB_A01: 590,3092,52,35
SB_A11: 605,1883,48,35
SB_B01: 676,1891,105,35
SB_S07: 674,1865,48,35
SB_A12: 805,1884,48,35
SB_C01: 645,3094,148,35
SB_B02: 795,3096,113,35
SB_C05: 872,2913,48,121
SB_A03: 813,1943,49,35
SB_E04: 840,1973,254,38
SB_C06: 955,3024,48,121
SB_S03: 955,3065,48,35
SB_F02: 939,2922,104,121
SB_D04: 1046,3009,48,150
SB_S04: 1042,3159,48,35
SB_G03: 1129,1980,355,35
SB_F01: 1164,3013,105,121
SB_J01: 1487,1971,252,78
SB_E02: 1747,2013,252,35
SB_G02: 2001,2013,362,35
SB_S05: 2359,2014,48,35
SB_C07: 1597,799,154,45
SB_J02: 1751,755,252,78
SB_J03: 1401,1925,504,37
SB_S02: 1806,1903,48,35
SB_I01: 881,2803,152,120
SB_S01: 932,1730,48,35
SB_D06: 871,2660,48,154
SB_A14: 617,1472,54,35
SB_E06: 568,1346,268,35
SB_C09: 839,1264,54,120
SB_L01: 897,1182,210,126
GATE_SB_OE: 10,1535,48,35
GATE_SB_VS: 1456,2957,48,35
SB_E07: 1062,2905,151,80
SB_B04: 1160,2887,48,74
SB_S10: 1195,1725,48,35
SB_C10: 1102,2984,151,35
SB_G04: 1207,2913,247,72
SB_GOR01: 194,1980,192,35
SB_GOR02RIV: 152,2014,146,44
SB_TESTB: 542,3194,105,35
SB_TESTC: 803,3191,148,35
SB_C02: 650,3176,152,35
SB_TOPSIDE: 518,2299,96,35
SB_S09: 602,2277,48,35
SB_J10: 558,1825,504,35
SB_C11: 455,1835,48,114
SB_D02GRAV: 409,1471,204,35
SB_E05GRAV: 672,1472,262,35
SB_A02GRAV: 568,2685,48,35
SB_A05GRAV: 440,238,48,35
SB_A06GRAV: 347,201,48,70
SB_A07GRAV: 107,1447,48,35
SB_A08GRAV: 123,2659,48,35
SB_B03GRAV: 68,1482,48,78
SB_J04GRAV: 224,2653,255,78
SB_E03GRAV: 154,1471,255,40
SB_D05GRAV: 255,274,204,35
SB_E01GRAV: 302,1329,252,35
