HR_AI: 195,2913,48,42
HR_FINAL: 183,2974,70,222
HR_GRAVINTRO: 184,14,48,35
HR_GRAV01: 217,1613,148,42
HR_GRAV02: 371,1635,48,190
HR_GRAV03: 424,1712,48,35
HR_GRAV04: 317,1805,48,154
HR_GRAV05: 369,1948,111,78
HR_GRAV06: 237,3622,148,44
HR_GRAV07: 247,2090,48,112
HR_GRAV08: 190,3795,104,78
HR_GRAV09: 214,2277,48,35
HR_A03GRAV: 255,2370,48,35
HR_X01GRAV: 315,2442,48,35
HR_A01GRAV: 369,2549,48,35
HR_E07GRAV: 198,4242,48,192
HR_E06GRAV: 92,4207,252,35
HR_L01GRAV: 143,4434,152,160
HR_S01GRAV: 371,2420,48,35
HR_S02GRAV: 423,1679,48,35
