GATE_SB_SL: 276,258,48,35
GATE_GW_SL: 19,1193,48,35
GATE_SL_MS: 2294,698,48,35
GATE_MS_SL: 1787,47,48,35
GATE_SL_CL: 1521,2053,48,35
GATE_SL_VS: 417,957,48,35
SL_A08: 46,1156,54,35
SL_S07: 10,1156,48,35
SL_C12: 100,1154,152,35
SL_A14: 948,1891,48,35
SL_E03: 1031,1891,258,35
SL_A02: 886,1929,48,35
SL_A17: 885,1891,48,35
SL_C01: 825,1880,48,121
SL_A13: 843,1078,48,35
SL_B01: 758,1913,48,121
SL_F01: 253,1112,210,78
SL_C02: 417,381,180,35
SL_C10: 512,1753,54,121
SL_A10: 617,1764,48,35
SL_F02: 619,338,162,78
SL_S05: 674,371,48,35
SL_D06: 522,1927,213,35
SL_D04: 788,339,104,78
SL_A12: 810,1077,48,35
SL_H02: 1006,339,210,78
SL_H03: 1209,379,444,38
SL_C09: 1653,382,155,35
SL_A16: 1760,420,48,35
SL_S10: 1721,420,48,35
SL_I01: 1813,370,152,121
SL_A15: 1966,416,48,35
SL_S06: 1965,451,48,35
SL_C08: 417,982,48,121
SL_C05: 470,992,162,35
SL_S09: 621,992,48,35
SL_C04: 661,985,54,121
SL_TUNNELA: 465,954,248,35
SL_D01: 672,1110,104,78
SL_D02: 730,950,54,154
SL_D03: 790,955,105,78
SL_A07: 873,1014,48,35
SL_A04: 831,1038,48,35
SL_S03: 811,1837,48,35
SL_E01: 918,949,48,207
SL_B04: 920,417,48,121
SL_C03: 911,296,66,121
SL_A11: 877,1067,48,35
SL_A05: 975,1004,48,35
SL_E02: 1043,998,258,35
SL_S08: 1248,1035,48,35
SL_C07: 1325,987,48,121
SL_A03: 731,224,48,35
SL_C06SAINT: 565,223,162,35
SL_S04: 633,247,48,35
SL_A06: 514,222,48,35
SL_D05: 308,222,204,35
SL_S11: 1182,1853,48,35
SL_C14: 1399,921,48,112
SL_C15: 1484,76,104,112
SL_WALL02: 1488,22,151,42
SL_WALL05: 1640,35,146,45
SL_S15: 1787,10,48,35
SL_ECNIUS01: 679,1796,101,72
SL_ECNIUS02: 918,1801,48,35
SL_ECNIUS03: 798,1799,101,35
SL_AI: 2016,389,98,35
SL_ROOF04: 2068,1276,48,149
SL_MOONTOP: 2061,1198,62,81
SL_ACCSHAFT: 2066,1424,201,35
SL_ROOF03: 2077,683,216,78
SL_TEMPLE: 1962,685,107,78
SL_STOP: 1952,655,48,35
SL_ROOF01: 1659,689,306,35
SL_WALL06: 1614,678,48,62
SL_C16: 1365,2042,152,35
SL_I02: 1206,2008,154,70
SL_SCRUSHED: 1277,1973,48,35
SL_B10: 1156,1970,48,72
SL_B11: 1065,1960,96,35
SL_B02SAINT: 940,1927,209,37
