GATE_HI_CC: 91,1580,48,35
GATE_SI_CC: 30,974,48,35
GATE_DS_CC: 428,2308,48,35
CC_S04: 47,927,48,35
CC_C09: 95,964,162,36
CC_C12: 265,1018,61,121
CC_A06: 270,970,54,35
CC_H01SAINT: 333,970,362,35
CC_C07: 266,840,54,121
CC_B04: 482,2030,48,80
CC_S05: 482,3199,48,35
CC_D01: 481,3028,48,154
CC_C13: 327,3075,152,35
CC_A15: 270,778,48,35
CC_B08: 272,600,48,78
CC_B05: 210,549,119,35
CC_A10: 198,1829,48,35
CC_B01: 198,1736,48,78
CC_B06: 197,2796,48,78
CC_C04: 518,1908,54,121
CC_B13: 587,1865,54,80
CC_C05: 645,1830,63,121
CC_B10: 648,2861,48,152
CC_A12: 36,1638,48,35
CC_S01: 10,1639,48,35
CC_A02: 85,1646,54,35
CC_A16: 87,1606,48,39
CC_C08: 139,1644,162,35
CC_A07: 303,1643,54,35
CC_C11: 363,1636,48,120
CC_B12: 416,1723,48,80
CC_F01: 468,1723,168,80
CC_C03: 507,2791,54,118
CC_A17: 573,1644,48,35
CC_S03: 548,2792,48,35
CC_B11: 405,2793,104,35
CC_B14: 639,1723,48,78
CC_SHAFT01x: 352,2583,96,192
CC_SHAFT02: 647,2634,48,190
CC_SUMP01: 556,2493,196,112
CC_SUMP02: 499,2449,48,112
CC_STRAINER01: 405,2501,96,72
CC_SUMP03: 305,2459,146,112
CC_CLOG: 257,2505,48,35
CC_S06: 208,2518,48,35
CC_STRAINER02: 206,2461,101,35
CC_SUMP04: 164,2407,151,35
CC_STRAINER03: 339,2375,101,35
CC_OUTPUT: 388,2363,196,72
CC_S07: 417,2343,48,35
CC_SUMP05: 619,2411,196,72
